/*--------------------------------*- C++ -*----------------------------------*\
| =========                 |                                                 |
| \\      /  F ield         | OpenFOAM: The Open Source CFD Toolbox           |
|  \\    /   O peration     | Version:  2212                                  |
|   \\  /    A nd           | Website:  www.openfoam.com                      |
|    \\/     M anipulation  |                                                 |
\*---------------------------------------------------------------------------*/
FoamFile
{
    version     2.0;
    format      binary;
    arch        "LSB;label=32;scalar=64";
    class       cellSet;
    location    "constant/polyMesh/sets";
    object      highAspectRatioCells;
}
// * * * * * * * * * * * * * * * * * * * * * * * * * * * * * * * * * * * * * //


540
(
377500
377501
377502
377503
377504
377505
377506
377507
377508
377509
377510
377511
377512
377513
377514
377515
377516
377517
377518
377519
377520
377521
377522
377523
377524
377525
377526
377527
377528
377529
377530
377531
377532
377533
377534
377535
377536
377537
377538
377539
378000
378001
378002
378003
378004
378005
378006
378007
378008
378009
378010
378011
378012
378013
378014
378015
378016
378017
378018
378019
378020
378021
378022
378023
378024
378025
378026
378027
378028
378029
378030
378031
378032
378033
378034
378035
378036
378037
378038
378039
378040
378041
378042
378043
378044
378045
378046
378047
378048
378049
378050
378051
378052
378053
378054
378055
378056
378057
378058
378059
378500
378501
378502
378503
378504
378505
378506
378507
378508
378509
378510
378511
378512
378513
378514
378515
378516
378517
378518
378519
378520
378521
378522
378523
378524
378525
378526
378527
378528
378529
378530
378531
378532
378533
378534
378535
378536
378537
378538
378539
378540
378541
378542
378543
378544
378545
378546
378547
378548
378549
378550
378551
378552
378553
378554
378555
378556
378557
378558
378559
379000
379001
379002
379003
379004
379005
379006
379007
379008
379009
379010
379011
379012
379013
379014
379015
379016
379017
379018
379019
379020
379021
379022
379023
379024
379025
379026
379027
379028
379029
379030
379031
379032
379033
379034
379035
379036
379037
379038
379039
379040
379041
379042
379043
379044
379045
379046
379047
379048
379049
379050
379051
379052
379053
379054
379055
379056
379057
379058
379059
379500
379501
379502
379503
379504
379505
379506
379507
379508
379509
379510
379511
379512
379513
379514
379515
379516
379517
379518
379519
379520
379521
379522
379523
379524
379525
379526
379527
379528
379529
379530
379531
379532
379533
379534
379535
379536
379537
379538
379539
379540
379541
379542
379543
379544
379545
379546
379547
379548
379549
379550
379551
379552
379553
379554
379555
379556
379557
379558
379559
380000
380001
380002
380003
380004
380005
380006
380007
380008
380009
380010
380011
380012
380013
380014
380015
380016
380017
380018
380019
380020
380021
380022
380023
380024
380025
380026
380027
380028
380029
380030
380031
380032
380033
380034
380035
380036
380037
380038
380039
380500
380501
380502
380503
380504
380505
380506
380507
380508
380509
380510
380511
380512
380513
380514
380515
380516
380517
380518
380519
380520
380521
380522
380523
380524
380525
380526
380527
380528
380529
380530
380531
380532
380533
380534
380535
380536
380537
380538
380539
381000
381001
381002
381003
381004
381005
381006
381007
381008
381009
381010
381011
381012
381013
381014
381015
381016
381017
381018
381019
381020
381021
381022
381023
381024
381025
381026
381027
381028
381029
381030
381031
381032
381033
381034
381035
381036
381037
381038
381039
381500
381501
381502
381503
381504
381505
381506
381507
381508
381509
381510
381511
381512
381513
381514
381515
381516
381517
381518
381519
381520
381521
381522
381523
381524
381525
381526
381527
381528
381529
381530
381531
381532
381533
381534
381535
381536
381537
381538
381539
382000
382001
382002
382003
382004
382005
382006
382007
382008
382009
382010
382011
382012
382013
382014
382015
382016
382017
382018
382019
382500
382501
382502
382503
382504
382505
382506
382507
382508
382509
382510
382511
382512
382513
382514
382515
382516
382517
382518
382519
383000
383001
383002
383003
383004
383005
383006
383007
383008
383009
383010
383011
383012
383013
383014
383015
383016
383017
383018
383019
383500
383501
383502
383503
383504
383505
383506
383507
383508
383509
383510
383511
383512
383513
383514
383515
383516
383517
383518
383519
384000
384001
384002
384003
384004
384005
384006
384007
384008
384009
384010
384011
384012
384013
384014
384015
384016
384017
384018
384019
)


// ************************************************************************* //
